
%%
frequencies = [100, 103, 106.09, 109.273, 112.551, 115.927, 119.405, 122.987, 126.677, 130.477, 134.392, 138.423, 142.576, 146.853, 151.259, 155.797, 160.471, 165.285, 170.243, 175.351, 180.611, 186.029, 191.61, 197.359, 203.279, 209.378, 215.659, 222.129, 228.793, 235.657, 242.726, 250.008, 257.508, 265.233, 273.19, 281.386, 289.828, 298.523, 307.478, 316.703, 326.204, 335.99, 346.069, 356.452, 367.145, 378.159, 389.504, 401.189, 413.225, 425.622, 438.39, 451.542, 465.088, 479.041, 493.412, 508.215, 523.461, 539.165, 555.34, 572, 589.16, 606.835, 625.04, 643.791, 663.105, 682.998, 703.488, 724.593, 746.33, 768.72, 791.782, 815.535, 840.001, 865.202, 891.158, 917.892, 945.429, 973.792, 1003.01, 1033.1, 1064.09, 1096.01, 1128.89, 1162.76, 1197.64, 1233.57, 1270.58, 1308.69, 1347.96, 1388.39, 1430.05, 1472.95, 1517.14, 1562.65, 1609.53, 1657.82, 1707.55, 1758.78, 1811.54, 1865.89, 1921.86, 1979.52, 2038.9, 2100.07, 2163.07, 2227.97, 2294.8, 2363.65, 2434.56, 2507.59, 2582.82, 2660.31, 2740.12, 2822.32, 2906.99, 2994.2, 3084.03, 3176.55, 3271.84, 3370, 3471.1, 3575.23, 3682.49, 3792.96, 3906.75, 4023.95, 4144.67, 4269.01, 4397.08, 4529, 4664.86, 4804.81, 4948.96, 5097.42, 5250.35, 5407.86, 5570.09, 5737.2, 5909.31, 6086.59, 6269.19, 6457.26, 6650.98, 6850.51, 7056.03, 7267.71, 7485.74, 7710.31, 7941.62, 8179.87];

gains_firstorder_1000 = [0.995719, 0.995675, 0.995261, 0.994895, 0.994587, 0.99426, 0.993913, 0.993547, 0.993158, 0.992819, 0.992322, 0.991847, 0.991357, 0.990838, 0.990289, 0.989707, 0.989607, 0.988438, 0.987746, 0.987595, 0.98624, 0.98542, 0.984553, 0.983635, 0.983565, 0.981638, 0.98135, 0.979404, 0.978191, 0.976923, 0.976112, 0.975454, 0.972611, 0.971078, 0.969329, 0.968385, 0.965889, 0.964134, 0.96365, 0.959695, 0.957186, 0.95693, 0.952803, 0.952002, 0.947034, 0.946375, 0.942263, 0.93714, 0.933927, 0.93035, 0.926294, 0.925952, 0.918182, 0.917917, 0.909184, 0.908909, 0.902807, 0.896774, 0.893628, 0.884061, 0.878935, 0.87731, 0.871266, 0.863664, 0.858374, 0.845531, 0.839517, 0.833466, 0.829115, 0.821702, 0.810258, 0.801101, 0.796076, 0.788065, 0.779526, 0.768198, 0.761011, 0.750629, 0.740857, 0.730154, 0.721311, 0.70949, 0.699615, 0.68896, 0.677302, 0.667051, 0.655467, 0.646233, 0.632577, 0.621175, 0.612429, 0.601061, 0.589659, 0.577642, 0.565643, 0.554218, 0.540744, 0.530777, 0.518007, 0.509903, 0.498673, 0.487515, 0.476132, 0.461761, 0.45468, 0.444155, 0.433747, 0.422818, 0.411065, 0.402798, 0.392758, 0.382144, 0.373234, 0.363156, 0.35392, 0.344546, 0.335524, 0.322858, 0.317341, 0.309425, 0.30045, 0.290872, 0.282289, 0.276199, 0.269344, 0.261812, 0.254941, 0.247772, 0.239477, 0.231907, 0.227196, 0.219822, 0.213224, 0.208039, 0.200976, 0.195595, 0.189459, 0.184578, 0.178846, 0.173595, 0.16763, 0.161211, 0.158056, 0.151834, 0.148538, 0.143991, 0.1387, 0.13323, 0.130868, 0.126685];
gains_firstorder_4000 = [0.999839, 0.999839, 0.999825, 0.999815, 0.999804, 0.999792, 0.999776, 0.999768, 0.999754, 0.999734, 0.999723, 0.999706, 0.999687, 0.999668, 0.999648, 0.999627, 0.999605, 0.999582, 0.999556, 0.999557, 0.999501, 0.99947, 0.999438, 0.999403, 0.999368, 0.99933, 0.999318, 0.999246, 0.999198, 0.999151, 0.9991, 0.999062, 0.99899, 0.998927, 0.998861, 0.998791, 0.998719, 0.998643, 0.998629, 0.998471, 0.998378, 0.998281, 0.998178, 0.9981, 0.997948, 0.997824, 0.997693, 0.997552, 0.997403, 0.997247, 0.99708, 0.997037, 0.996715, 0.996679, 0.996305, 0.996081, 0.995845, 0.995592, 0.995327, 0.995044, 0.994744, 0.994427, 0.99409, 0.994089, 0.993356, 0.992955, 0.992532, 0.992149, 0.991605, 0.991099, 0.990565, 0.989998, 0.989715, 0.98932, 0.98809, 0.987837, 0.987155, 0.986141, 0.984978, 0.984084, 0.98366, 0.982135, 0.981629, 0.979956, 0.978899, 0.977515, 0.977246, 0.974792, 0.974776, 0.971751, 0.970101, 0.969952, 0.966974, 0.966114, 0.963949, 0.961277, 0.958886, 0.955698, 0.954204, 0.950508, 0.949632, 0.94476, 0.94166, 0.941656, 0.935033, 0.931383, 0.92761, 0.924941, 0.919504, 0.919386, 0.915107, 0.90602, 0.900863, 0.896695, 0.89417, 0.889686, 0.880707, 0.878646, 0.871734, 0.863665, 0.857783, 0.849424, 0.844809, 0.835806, 0.823665, 0.820366, 0.808065, 0.803541, 0.787717, 0.783648, 0.778348, 0.763881, 0.758326, 0.74557, 0.738611, 0.725541, 0.706462, 0.695279, 0.694147, 0.681053, 0.667414, 0.651496, 0.646869, 0.635177, 0.624249, 0.611863, 0.5871, 0.587095, 0.574474, 0.559288];
gains_1000_improved = [0.995002, 0.994965, 0.994495, 0.994042, 0.993682, 0.993302, 0.992898, 0.992471, 0.992018, 0.991662, 0.991065, 0.990492, 0.989922, 0.989318, 0.988679, 0.988001, 0.987943, 0.986526, 0.985723, 0.985496, 0.983975, 0.983024, 0.982017, 0.980953, 0.980951, 0.978639, 0.97822, 0.976053, 0.974651, 0.973205, 0.972236, 0.971599, 0.968208, 0.966639, 0.964426, 0.963471, 0.96035, 0.958318, 0.957885, 0.953344, 0.950689, 0.950377, 0.94531, 0.944539, 0.938964, 0.93827, 0.933618, 0.92769, 0.924199, 0.919913, 0.915354, 0.915037, 0.906287, 0.906008, 0.896511, 0.896064, 0.888616, 0.882924, 0.879495, 0.868933, 0.862466, 0.860104, 0.853577, 0.846334, 0.839484, 0.826457, 0.820107, 0.813614, 0.807952, 0.800272, 0.788619, 0.777153, 0.773678, 0.762857, 0.754619, 0.742556, 0.734819, 0.724359, 0.71396, 0.704013, 0.692645, 0.682607, 0.672316, 0.66, 0.649521, 0.636953, 0.626748, 0.616311, 0.604192, 0.592724, 0.581967, 0.570754, 0.559293, 0.548245, 0.534223, 0.524626, 0.512879, 0.499605, 0.490443, 0.48011, 0.469976, 0.458188, 0.446882, 0.435577, 0.426306, 0.416981, 0.406778, 0.39621, 0.385915, 0.376736, 0.367096, 0.356965, 0.348761, 0.338584, 0.330683, 0.32184, 0.31241, 0.301489, 0.29621, 0.287785, 0.28022, 0.269938, 0.261819, 0.256368, 0.25071, 0.243061, 0.236962, 0.23013, 0.222818, 0.214859, 0.210959, 0.203744, 0.198172, 0.192989, 0.186704, 0.181242, 0.175476, 0.171145, 0.165911, 0.160848, 0.155314, 0.149683, 0.146359, 0.140788, 0.137536, 0.133441, 0.128328, 0.123191, 0.12123, 0.117286];
gains_4000_improved = [0.999692, 0.999688, 0.999658, 0.999638, 0.999617, 0.999594, 0.999569, 0.999543, 0.999515, 0.999467, 0.999454, 0.999421, 0.999387, 0.99935, 0.99931, 0.999268, 0.99926, 0.999177, 0.999129, 0.999076, 0.999019, 0.998959, 0.998895, 0.998829, 0.998821, 0.998683, 0.998601, 0.998517, 0.998426, 0.998333, 0.998231, 0.998191, 0.998012, 0.997891, 0.99776, 0.997645, 0.997483, 0.997331, 0.997195, 0.996997, 0.996815, 0.996776, 0.996415, 0.996354, 0.99597, 0.99593, 0.995569, 0.995194, 0.994905, 0.994596, 0.994271, 0.99405, 0.993559, 0.993288, 0.992759, 0.992757, 0.992114, 0.991412, 0.991283, 0.990304, 0.989723, 0.989677, 0.988951, 0.987754, 0.987033, 0.986259, 0.985439, 0.984572, 0.984492, 0.98341, 0.981873, 0.980571, 0.979886, 0.97848, 0.976927, 0.976256, 0.974786, 0.97334, 0.971025, 0.970936, 0.96815, 0.967555, 0.964906, 0.963694, 0.961182, 0.959272, 0.954634, 0.954344, 0.949362, 0.948905, 0.946325, 0.940345, 0.939601, 0.936995, 0.929908, 0.927068, 0.926065, 0.92141, 0.917495, 0.911141, 0.904061, 0.903482, 0.899035, 0.888854, 0.888142, 0.8823, 0.876606, 0.869813, 0.863545, 0.853328, 0.84939, 0.843064, 0.833939, 0.820923, 0.820293, 0.812132, 0.802524, 0.794842, 0.77697, 0.776251, 0.766542, 0.756009, 0.737972, 0.735894, 0.726655, 0.71407, 0.706381, 0.69266, 0.684565, 0.662011, 0.656731, 0.650328, 0.638905, 0.625956, 0.614359, 0.601843, 0.583938, 0.567394, 0.564482, 0.555157, 0.542853, 0.527776, 0.517684, 0.505112, 0.492915, 0.482794, 0.469389, 0.45886, 0.447123, 0.435325];

